9.507078170776367188e+00
1.861817550659179688e+01
2.301096916198730469e+01
2.594538116455078125e+01
2.815338325500488281e+01
2.992451477050781250e+01
3.140353202819824219e+01
3.267333602905273438e+01
3.378586959838867188e+01
3.477584075927734375e+01
3.566759872436523438e+01
3.647889328002929688e+01
3.722305297851562500e+01
3.791034317016601562e+01
3.854884338378906250e+01
3.914502716064453125e+01
3.970415115356445312e+01
4.023056411743164062e+01
4.072787857055664062e+01
4.119914627075195312e+01
